# step Q_left_e Q_right_e Q_total_e
1000 -2.2318082315 2.1806084082 -0.0511998233
2000 -2.1108375221 2.0596375693 -0.0511999528
3000 -2.2248940654 2.1736939540 -0.0512001114
4000 -2.2491237929 2.1979238512 -0.0511999418
5000 -2.3467113538 2.2955114435 -0.0511999103
6000 -2.2506561348 2.1994561085 -0.0512000263
7000 -2.2766361449 2.2254363787 -0.0511997663
8000 -2.3381887303 2.2869886124 -0.0512001179
9000 -2.3397416407 2.2885418174 -0.0511998233
10000 -2.4409317610 2.3897317468 -0.0512000142
11000 -2.3892056657 2.3380057274 -0.0511999383
12000 -2.4504605520 2.3992604757 -0.0512000764
13000 -2.5116001434 2.4604000088 -0.0512001346
14000 -2.3804443120 2.3292441979 -0.0512001142
15000 -2.5099401817 2.4587402442 -0.0511999376
16000 -2.5386956000 2.4874954728 -0.0512001272
17000 -2.5257065567 2.4745066346 -0.0511999221
18000 -2.6050069412 2.5538067400 -0.0512002011
19000 -2.6682582409 2.6170582680 -0.0511999730
20000 -2.6594261740 2.6082262000 -0.0511999740
21000 -2.6775426106 2.6263424926 -0.0512001180
22000 -2.7385777191 2.6873775637 -0.0512001555
23000 -2.8368102033 2.7856100583 -0.0512001451
24000 -2.9144207462 2.8632207718 -0.0511999745
25000 -2.8471055792 2.7959056100 -0.0511999692
26000 -2.9074230777 2.8562230988 -0.0511999789
27000 -2.7373865533 2.6861867505 -0.0511998028
28000 -2.8075937242 2.7563938692 -0.0511998549
29000 -2.8030031073 2.7518028982 -0.0512002091
30000 -2.6854210382 2.6342210183 -0.0512000199
31000 -2.6769840267 2.6257840111 -0.0512000156
32000 -2.8892223895 2.8380225698 -0.0511998197
33000 -2.8912760542 2.8400762798 -0.0511997744
34000 -2.8947862840 2.8435862415 -0.0512000425
35000 -3.0176609108 2.9664610028 -0.0511999080
36000 -2.8581691697 2.8069689546 -0.0512002151
37000 -2.8720782134 2.8208782014 -0.0512000120
38000 -2.8530152312 2.8018152089 -0.0512000224
39000 -2.7429181415 2.6917183170 -0.0511998245
40000 -2.7764755008 2.7252754024 -0.0512000984
41000 -2.9107494071 2.8595490592 -0.0512003479
42000 -2.8415793544 2.7903794405 -0.0511999139
43000 -2.8389726824 2.7877728645 -0.0511998179
44000 -2.8576169636 2.8064170601 -0.0511999036
45000 -2.9452608418 2.8940609173 -0.0511999245
46000 -2.7403703661 2.6891703228 -0.0512000433
47000 -2.8777983923 2.8265983470 -0.0512000453
48000 -2.7721491451 2.7209490991 -0.0512000460
49000 -2.8035880960 2.7523881793 -0.0511999167
50000 -2.6901014426 2.6389015292 -0.0511999134
51000 -2.8734814058 2.8222814073 -0.0511999985
52000 -2.8384597271 2.7872598920 -0.0511998352
53000 -2.9909747556 2.9397747836 -0.0511999720
54000 -3.0175258392 2.9663259515 -0.0511998877
55000 -2.9219673706 2.8707673080 -0.0512000626
56000 -2.8053115825 2.7541117011 -0.0511998813
57000 -2.8066648791 2.7554651715 -0.0511997076
58000 -2.8087032319 2.7575029491 -0.0512002828
59000 -2.7599351004 2.7087349305 -0.0512001700
60000 -2.7909505458 2.7397505922 -0.0511999537
61000 -2.7281592945 2.6769593814 -0.0511999131
62000 -2.7818474075 2.7306475855 -0.0511998220
63000 -2.6465623941 2.5953626475 -0.0511997466
64000 -2.6914859279 2.6402859065 -0.0512000214
65000 -2.5261941697 2.4749943151 -0.0511998546
66000 -2.5945020184 2.5433019858 -0.0512000326
67000 -2.7757074066 2.7245074257 -0.0511999809
68000 -2.7589872287 2.7077871790 -0.0512000497
69000 -2.7945714798 2.7433716149 -0.0511998649
70000 -2.7623275801 2.7111279116 -0.0511996686
71000 -2.8066225359 2.7554227874 -0.0511997484
72000 -2.9284581096 2.8772582069 -0.0511999027
73000 -2.7537147323 2.7025144838 -0.0512002484
74000 -2.9357713256 2.8845714818 -0.0511998438
75000 -2.6749406830 2.6237406659 -0.0512000171
76000 -2.7723683267 2.7211683322 -0.0511999945
77000 -2.8048567766 2.7536568848 -0.0511998918
78000 -2.7550862611 2.7038864719 -0.0511997893
79000 -2.8135227023 2.7623226838 -0.0512000185
80000 -2.8231527546 2.7719527435 -0.0512000111
81000 -2.9024377947 2.8512377108 -0.0512000839
82000 -2.7670520516 2.7158520754 -0.0511999762
83000 -2.8680203550 2.8168204421 -0.0511999129
84000 -2.9072746895 2.8560748245 -0.0511998650
85000 -3.0339576849 2.9827577670 -0.0511999179
86000 -2.8504772510 2.7992774481 -0.0511998029
87000 -2.8677476350 2.8165478118 -0.0511998232
88000 -2.9461968769 2.8949972813 -0.0511995956
89000 -2.7888161687 2.7376159563 -0.0512002125
90000 -2.9109822683 2.8597822396 -0.0512000286
91000 -2.9191897734 2.8679898472 -0.0511999262
92000 -2.9621630520 2.9109632411 -0.0511998109
93000 -2.9469788455 2.8957790195 -0.0511998261
94000 -2.9448083031 2.8936083147 -0.0511999884
95000 -3.0701332558 3.0189332215 -0.0512000343
96000 -2.8807613220 2.8295613245 -0.0511999976
97000 -2.8790072380 2.8278071231 -0.0512001149
98000 -2.9296499026 2.8784498006 -0.0512001020
99000 -2.9788881280 2.9276881381 -0.0511999899
100000 -2.6894395698 2.6382397950 -0.0511997748
101000 -2.7912678387 2.7400679086 -0.0511999301
102000 -2.8468294502 2.7956293741 -0.0512000761
103000 -2.9467163378 2.8955163813 -0.0511999565
104000 -2.9654277122 2.9142276552 -0.0512000570
105000 -2.9047877199 2.8535878818 -0.0511998381
106000 -2.8957203940 2.8445204850 -0.0511999090
107000 -2.7688873292 2.7176874336 -0.0511998957
108000 -2.9041836134 2.8529836355 -0.0511999779
109000 -2.7232197659 2.6720198194 -0.0511999465
110000 -2.9543917091 2.9031918482 -0.0511998609
111000 -2.9567741463 2.9055742437 -0.0511999027
112000 -3.0393492104 2.9881492116 -0.0511999989
113000 -2.9362391223 2.8850392359 -0.0511998863
114000 -2.8737100841 2.8225100574 -0.0512000267
115000 -2.8358641300 2.7846641863 -0.0511999436
116000 -2.8467567143 2.7955566905 -0.0512000239
117000 -3.0161123753 2.9649123343 -0.0512000410
118000 -3.1763879569 3.1251878638 -0.0512000931
119000 -2.9467378922 2.8955378765 -0.0512000156
120000 -2.8635250500 2.8123252510 -0.0511997990
121000 -3.0194435499 2.9682435052 -0.0512000448
122000 -3.0141245643 2.9629246424 -0.0511999219
123000 -3.0134971620 2.9622973124 -0.0511998495
124000 -2.9506433559 2.8994433468 -0.0512000090
125000 -2.8283637515 2.7771639263 -0.0511998252
126000 -2.8378061932 2.7866062437 -0.0511999494
127000 -2.9484313684 2.8972314593 -0.0511999091
128000 -3.0839630267 3.0327630918 -0.0511999349
129000 -2.8860109177 2.8348109889 -0.0511999289
130000 -2.9032207705 2.8520208030 -0.0511999675
131000 -2.8531988503 2.8019991374 -0.0511997129
132000 -2.9205039534 2.8693037366 -0.0512002168
133000 -2.8558940646 2.8046942643 -0.0511998003
134000 -2.9232220757 2.8720221240 -0.0511999518
135000 -2.8733746615 2.8221745402 -0.0512001213
136000 -2.8707992103 2.8195994121 -0.0511997982
137000 -2.9757120611 2.9245120720 -0.0511999891
138000 -3.1025134403 3.0513137779 -0.0511996624
139000 -3.1089811738 3.0577814877 -0.0511996861
140000 -3.0469481115 2.9957484665 -0.0511996450
141000 -2.9891757737 2.9379758295 -0.0511999442
142000 -2.9544497580 2.9032496601 -0.0512000979
143000 -2.9466543807 2.8954542482 -0.0512001325
144000 -2.9013873608 2.8501876724 -0.0511996884
145000 -2.8449538428 2.7937537531 -0.0512000897
146000 -2.8989127482 2.8477127256 -0.0512000226
147000 -2.8539414797 2.8027413448 -0.0512001349
148000 -2.9534776519 2.9022777505 -0.0511999014
149000 -2.9211207200 2.8699208141 -0.0511999059
150000 -2.9715707264 2.9203706281 -0.0512000983
151000 -3.0966396232 3.0454394386 -0.0512001846
152000 -2.9034837890 2.8522838357 -0.0511999534
153000 -3.0492078380 2.9980078849 -0.0511999530
154000 -3.0207357873 2.9695360824 -0.0511997048
155000 -3.1395436816 3.0883436154 -0.0512000663
156000 -3.0845679655 3.0333679272 -0.0512000383
157000 -3.0367483949 2.9855484106 -0.0511999843
158000 -2.9626387237 2.9114382842 -0.0512004394
159000 -2.9484260996 2.8972260496 -0.0512000500
160000 -2.9608771847 2.9096770995 -0.0512000852
161000 -2.9927462038 2.9415464172 -0.0511997866
162000 -3.0325883375 2.9813884375 -0.0511999000
163000 -3.0385739397 2.9873738976 -0.0512000421
164000 -3.1541484242 3.1029483347 -0.0512000895
165000 -3.0308231267 2.9796229770 -0.0512001496
166000 -3.1448682986 3.0936682117 -0.0512000869
167000 -3.1380946459 3.0868944514 -0.0512001945
168000 -3.0594504031 3.0082502157 -0.0512001874
169000 -3.1381932764 3.0869933560 -0.0511999205
170000 -3.1222525627 3.0710525810 -0.0511999817
171000 -3.0506642043 2.9994642416 -0.0511999627
172000 -2.9973418880 2.9461419536 -0.0511999344
173000 -3.0736349545 3.0224347881 -0.0512001664
174000 -3.0183593995 2.9671595738 -0.0511998257
175000 -3.1163656084 3.0651657780 -0.0511998304
176000 -3.0069497485 2.9557498552 -0.0511998933
177000 -3.1014735695 3.0502734582 -0.0512001113
178000 -3.0861351455 3.0349352520 -0.0511998935
179000 -2.9976550915 2.9464549246 -0.0512001669
180000 -3.1649892659 3.1137893094 -0.0511999565
181000 -3.1051874039 3.0539874348 -0.0511999691
182000 -3.1879241541 3.1367241806 -0.0511999735
183000 -3.2506248518 3.1994249038 -0.0511999479
184000 -3.1233510783 3.0721511634 -0.0511999149
185000 -3.1408231989 3.0896232308 -0.0511999680
186000 -3.0899747791 3.0387747756 -0.0512000034
187000 -3.1150470721 3.0638473098 -0.0511997624
188000 -3.1697617418 3.1185615305 -0.0512002112
189000 -3.2380850281 3.1868850894 -0.0511999387
190000 -3.0803908816 3.0291908474 -0.0512000342
191000 -3.0269819834 2.9757820727 -0.0511999107
192000 -3.2897864334 3.2385864666 -0.0511999668
193000 -3.1785748274 3.1273751277 -0.0511996997
194000 -3.1631627766 3.1119631157 -0.0511996609
195000 -3.1585481132 3.1073478041 -0.0512003091
196000 -3.1074992299 3.0562988780 -0.0512003519
197000 -3.1410766246 3.0898767357 -0.0511998889
198000 -3.1492209646 3.0980210814 -0.0511998832
199000 -3.1124219666 3.0612221849 -0.0511997816
200000 -2.9609913451 2.9097914366 -0.0511999085
201000 -3.0433013693 2.9921014744 -0.0511998949
202000 -3.0974725511 3.0462726968 -0.0511998542
203000 -3.0378826793 2.9866824774 -0.0512002018
204000 -3.0146316029 2.9634316592 -0.0511999437
205000 -3.0616342024 3.0104343422 -0.0511998602
206000 -3.1428369635 3.0916370300 -0.0511999335
207000 -3.1043658294 3.0531658839 -0.0511999455
208000 -3.2725313184 3.2213310765 -0.0512002419
209000 -3.2458443011 3.1946443067 -0.0511999945
210000 -3.3020700072 3.2508703176 -0.0511996896
211000 -3.3518502725 3.3006502928 -0.0511999797
212000 -3.3338695989 3.2826695640 -0.0512000349
213000 -3.2397060621 3.1885062149 -0.0511998472
214000 -3.5760374331 3.5248374736 -0.0511999594
215000 -3.3209987849 3.2697987568 -0.0512000280
216000 -3.2655707357 3.2143708438 -0.0511998919
217000 -3.3383057662 3.2871058209 -0.0511999453
218000 -3.3368341272 3.2856342607 -0.0511998665
219000 -3.2179504151 3.1667501559 -0.0512002592
220000 -3.2664447053 3.2152446634 -0.0512000418
221000 -3.2165092475 3.1653092652 -0.0511999823
222000 -3.2972427960 3.2460427262 -0.0512000698
223000 -3.3746142933 3.3234144000 -0.0511998932
224000 -3.3861153487 3.3349153203 -0.0512000285
225000 -3.2349029118 3.1837029219 -0.0511999899
226000 -3.2133245184 3.1621245120 -0.0512000064
227000 -3.2015485382 3.1503486690 -0.0511998693
228000 -3.2320053048 3.1808053373 -0.0511999675
229000 -3.2014474940 3.1502474851 -0.0512000089
230000 -3.1273121492 3.0761121767 -0.0511999725
231000 -3.2839295843 3.2327291302 -0.0512004541
232000 -3.1656569990 3.1144570178 -0.0511999811
233000 -3.3780128078 3.3268128275 -0.0511999803
234000 -3.3028958143 3.2516960277 -0.0511997866
235000 -3.1499770644 3.0987771033 -0.0511999611
236000 -3.1776643259 3.1264643590 -0.0511999669
237000 -3.2853783458 3.2341785409 -0.0511998049
238000 -3.1459892301 3.0947893537 -0.0511998763
239000 -3.2705761096 3.2193760839 -0.0512000257
240000 -3.2904923516 3.2392923396 -0.0512000119
241000 -3.1741008552 3.1229004406 -0.0512004146
242000 -3.1516412016 3.1004415787 -0.0511996229
243000 -3.4024511111 3.3512510266 -0.0512000845
244000 -3.2963591206 3.2451591027 -0.0512000179
245000 -3.1966933862 3.1454932256 -0.0512001606
246000 -3.3222771204 3.2710768236 -0.0512002968
247000 -3.2977579370 3.2465581375 -0.0511997995
248000 -3.3311652571 3.2799654320 -0.0511998251
249000 -3.2167837691 3.1655837416 -0.0512000275
250000 -3.1608617708 3.1096619049 -0.0511998659
251000 -3.2468691162 3.1956692370 -0.0511998792
252000 -3.0891476024 3.0379477337 -0.0511998686
253000 -3.1787250536 3.1275250748 -0.0511999787
254000 -3.1904111943 3.1392108119 -0.0512003824
255000 -3.1435312141 3.0923309795 -0.0512002345
256000 -3.1747028428 3.1235028790 -0.0511999637
257000 -3.1797177984 3.1285179100 -0.0511998884
258000 -3.1872064069 3.1360064062 -0.0512000007
259000 -3.1067593052 3.0555593574 -0.0511999477
260000 -3.1024632959 3.0512633491 -0.0511999468
261000 -3.1213013855 3.0701011470 -0.0512002385
262000 -3.3685791304 3.3173793245 -0.0511998059
263000 -3.2965171334 3.2453168777 -0.0512002558
264000 -3.1089408040 3.0577405128 -0.0512002912
265000 -3.2824900175 3.2312901443 -0.0511998731
266000 -3.2228005856 3.1716001478 -0.0512004378
267000 -3.2784913621 3.2272912955 -0.0512000666
268000 -3.4287163088 3.3775164505 -0.0511998583
269000 -3.3431292020 3.2919292869 -0.0511999151
270000 -3.4865703314 3.4353705148 -0.0511998166
271000 -3.5081359757 3.4569358965 -0.0512000793
272000 -3.4496813987 3.3984812959 -0.0512001028
273000 -3.5407226725 3.4895227006 -0.0511999719
274000 -3.5703260506 3.5191258844 -0.0512001662
275000 -3.4955531332 3.4443532922 -0.0511998410
276000 -3.4235080326 3.3723080450 -0.0511999876
277000 -3.4914522480 3.4402521643 -0.0512000837
278000 -3.4296554557 3.3784552843 -0.0512001714
279000 -3.4107028513 3.3595028821 -0.0511999692
280000 -3.4474875934 3.3962875845 -0.0512000089
281000 -3.5629828374 3.5117829731 -0.0511998643
282000 -3.5741877114 3.5229878426 -0.0511998688
283000 -3.5070540159 3.4558542500 -0.0511997659
284000 -3.4578863792 3.4066860838 -0.0512002954
285000 -3.4854011745 3.4342009773 -0.0512001972
286000 -3.4739615967 3.4227614577 -0.0512001390
287000 -3.4182843190 3.3670844449 -0.0511998740
288000 -3.5170988831 3.4658989838 -0.0511998993
289000 -3.5747101368 3.5235102998 -0.0511998369
290000 -3.4406530799 3.3894531253 -0.0511999546
291000 -3.4076904798 3.3564903160 -0.0512001638
292000 -3.3658815409 3.3146816947 -0.0511998462
293000 -3.4937346332 3.4425347838 -0.0511998494
294000 -3.5231344475 3.4719342375 -0.0512002100
295000 -3.5726784970 3.5214782373 -0.0512002597
296000 -3.5023602210 3.4511602951 -0.0511999259
297000 -3.5300372910 3.4788371603 -0.0512001307
298000 -3.5182150240 3.4670146602 -0.0512003638
299000 -3.6025067930 3.5513069507 -0.0511998423
300000 -3.4088934378 3.3576930981 -0.0512003397
301000 -3.5148650285 3.4636649915 -0.0512000370
302000 -3.6624797944 3.6112797589 -0.0512000356
303000 -3.6678677300 3.6166679670 -0.0511997631
304000 -3.5661089212 3.5149089760 -0.0511999453
305000 -3.6182412300 3.5670410711 -0.0512001589
306000 -3.5366436054 3.4854436209 -0.0511999845
307000 -3.4508942792 3.3996944988 -0.0511997803
308000 -3.5547145762 3.5035147482 -0.0511998280
309000 -3.4673005982 3.4161004171 -0.0512001811
310000 -3.5262893824 3.4750894550 -0.0511999274
311000 -3.4791025505 3.4279024018 -0.0512001488
312000 -3.5992051557 3.5480053141 -0.0511998415
313000 -3.3835259121 3.3323259113 -0.0512000008
314000 -3.4461087363 3.3949088810 -0.0511998553
315000 -3.5322321893 3.4810320440 -0.0512001453
316000 -3.4868972515 3.4356973781 -0.0511998734
317000 -3.5555129971 3.5043130970 -0.0511999001
318000 -3.4402876284 3.3890875892 -0.0512000393
319000 -3.4112972059 3.3600970212 -0.0512001847
320000 -3.3634505761 3.3122504321 -0.0512001441
321000 -3.4154646545 3.3642647688 -0.0511998858
322000 -3.4610253015 3.4098254328 -0.0511998687
323000 -3.5639172594 3.5127171627 -0.0512000968
324000 -3.5691653101 3.5179652580 -0.0512000522
325000 -3.6493675605 3.5981673991 -0.0512001614
326000 -3.7203224443 3.6691221136 -0.0512003307
327000 -3.6091685669 3.5579683964 -0.0512001705
328000 -3.6344339048 3.5832343147 -0.0511995901
329000 -3.6010791044 3.5498792128 -0.0511998915
330000 -3.6077014670 3.5565015108 -0.0511999561
331000 -3.4861607228 3.4349607863 -0.0511999364
332000 -3.7083037103 3.6571038884 -0.0511998219
333000 -3.6217250576 3.5705250799 -0.0511999778
334000 -3.6122672883 3.5610673245 -0.0511999638
335000 -3.5002314589 3.4490312561 -0.0512002027
336000 -3.6966910562 3.6454907780 -0.0512002782
337000 -3.6627880840 3.6115878321 -0.0512002518
338000 -3.7515925344 3.7003923359 -0.0512001985
339000 -3.6762767508 3.6250767020 -0.0512000488
340000 -3.5782281333 3.5270280127 -0.0512001205
341000 -3.7257094387 3.6745094360 -0.0512000028
342000 -3.7293794719 3.6781795414 -0.0511999305
343000 -3.7581801943 3.7069804114 -0.0511997829
344000 -3.7439270541 3.6927272123 -0.0511998418
345000 -3.6409380479 3.5897378475 -0.0512002003
346000 -3.6586505169 3.6074506307 -0.0511998861
347000 -3.6630980911 3.6118982012 -0.0511998899
348000 -3.7359065018 3.6847066118 -0.0511998901
349000 -3.4851075303 3.4339076492 -0.0511998811
350000 -3.4869533795 3.4357537762 -0.0511996032
351000 -3.5568297660 3.5056299816 -0.0511997844
352000 -3.5065177390 3.4553179661 -0.0511997729
353000 -3.4568144009 3.4056143822 -0.0512000187
354000 -3.4101608767 3.3589606621 -0.0512002146
355000 -3.5467900126 3.4955898050 -0.0512002077
356000 -3.5671822106 3.5159823847 -0.0511998259
357000 -3.6536488199 3.6024487049 -0.0512001150
358000 -3.6607787782 3.6095785587 -0.0512002195
359000 -3.6040012275 3.5528010998 -0.0512001277
360000 -3.5968933835 3.5456932352 -0.0512001484
361000 -3.4608897385 3.4096897926 -0.0511999459
362000 -3.5829939099 3.5317939203 -0.0511999896
363000 -3.5561718371 3.5049719428 -0.0511998943
364000 -3.4465611794 3.3953612409 -0.0511999386
365000 -3.5869812928 3.5357814505 -0.0511998422
366000 -3.5444501754 3.4932503000 -0.0511998754
367000 -3.6091894648 3.5579894336 -0.0512000312
368000 -3.6106921031 3.5594918140 -0.0512002892
369000 -3.6780243777 3.6268245088 -0.0511998689
370000 -3.7286291230 3.6774288723 -0.0512002507
371000 -3.7224730608 3.6712732486 -0.0511998122
372000 -3.6010301543 3.5498300080 -0.0512001463
373000 -3.6410062512 3.5898064580 -0.0511997932
374000 -3.7249892283 3.6737893093 -0.0511999190
375000 -3.8658465516 3.8146466374 -0.0511999142
376000 -3.8893568417 3.8381567487 -0.0512000930
377000 -3.9116297110 3.8604297430 -0.0511999680
378000 -3.6624224812 3.6112223672 -0.0512001140
379000 -3.7668388238 3.7156389331 -0.0511998907
380000 -3.8217476356 3.7705476096 -0.0512000261
381000 -3.6744944425 3.6232945875 -0.0511998550
382000 -3.5823421844 3.5311423285 -0.0511998560
383000 -3.6042005149 3.5530003668 -0.0512001481
384000 -3.6074317221 3.5562318397 -0.0511998824
385000 -3.6472535249 3.5960534374 -0.0512000874
386000 -3.7000612980 3.6488612980 -0.0512000000
387000 -3.7784356184 3.7272355852 -0.0512000332
388000 -3.7831303020 3.7319301550 -0.0512001470
389000 -3.7882487009 3.7370487484 -0.0511999525
390000 -3.6980662665 3.6468664072 -0.0511998594
391000 -3.7230342922 3.6718340260 -0.0512002662
392000 -3.8539749024 3.8027747215 -0.0512001809
393000 -3.8584924281 3.8072925177 -0.0511999105
394000 -3.6450462799 3.5938461949 -0.0512000850
395000 -3.7604020900 3.7092019310 -0.0512001590
396000 -3.8281891320 3.7769892587 -0.0511998733
397000 -3.7700785104 3.7188787340 -0.0511997765
398000 -3.8234068939 3.7722068648 -0.0512000292
399000 -3.6985704101 3.6473703291 -0.0512000811
400000 -3.7544247677 3.7032247990 -0.0511999688
401000 -3.8024760121 3.7512759766 -0.0512000355
402000 -3.7994164043 3.7482162777 -0.0512001266
403000 -3.8136342869 3.7624341232 -0.0512001637
404000 -3.7798849451 3.7286849598 -0.0511999852
405000 -3.6863885438 3.6351885439 -0.0511999998
406000 -3.8029558865 3.7517557495 -0.0512001370
407000 -3.6475048002 3.5963049577 -0.0511998426
408000 -3.8861047202 3.8349047463 -0.0511999739
409000 -3.7011223581 3.6499222721 -0.0512000860
410000 -3.6966133789 3.6454133766 -0.0512000022
411000 -3.7721281729 3.7209282976 -0.0511998753
412000 -3.7066441459 3.6554438592 -0.0512002867
413000 -3.7406996766 3.6894994085 -0.0512002681
414000 -3.7037271347 3.6525269307 -0.0512002040
415000 -3.7657213811 3.7145213816 -0.0511999995
416000 -3.8392558824 3.7880557695 -0.0512001129
417000 -3.9428097291 3.8916098708 -0.0511998584
418000 -3.7170553033 3.6658551627 -0.0512001406
419000 -3.8229267473 3.7717267417 -0.0512000055
420000 -3.7657621964 3.7145620263 -0.0512001701
421000 -3.8850078505 3.8338080201 -0.0511998304
422000 -3.7024103096 3.6512102160 -0.0512000936
423000 -3.8858345509 3.8346345952 -0.0511999557
424000 -3.8176203691 3.7664202612 -0.0512001079
425000 -3.7154634766 3.6642632663 -0.0512002103
426000 -3.8997210794 3.8485210630 -0.0512000164
427000 -3.8151474304 3.7639474928 -0.0511999376
428000 -3.7646141472 3.7134143507 -0.0511997965
429000 -3.6889231227 3.6377232224 -0.0511999003
430000 -3.7458863889 3.6946861127 -0.0512002762
431000 -3.9320980784 3.8808981322 -0.0511999462
432000 -3.7970218762 3.7458219108 -0.0511999654
433000 -3.6993381960 3.6481379782 -0.0512002178
434000 -3.6933668164 3.6421667465 -0.0512000699
435000 -3.7811279910 3.7299280131 -0.0511999779
436000 -3.7781036912 3.7269038517 -0.0511998395
437000 -3.7349026891 3.6837028037 -0.0511998855
438000 -3.8314884610 3.7802886979 -0.0511997631
439000 -3.7863808847 3.7351808399 -0.0512000448
440000 -3.8185542344 3.7673543578 -0.0511998766
441000 -3.6354711910 3.5842710712 -0.0512001198
442000 -3.5803339697 3.5291341764 -0.0511997933
443000 -3.6406443653 3.5894444028 -0.0511999625
444000 -3.5642068129 3.5130065162 -0.0512002967
445000 -3.6426831892 3.5914832452 -0.0511999440
446000 -3.6783940670 3.6271935985 -0.0512004685
447000 -3.5753229972 3.5241230357 -0.0511999615
448000 -3.4743012949 3.4231014586 -0.0511998363
449000 -3.4950407257 3.4438405289 -0.0512001968
450000 -3.4842507225 3.4330508880 -0.0511998345
451000 -3.6030923050 3.5518921633 -0.0512001417
452000 -3.5202596756 3.4690598620 -0.0511998136
453000 -3.5973336929 3.5461336278 -0.0512000652
454000 -3.5016943531 3.4504945608 -0.0511997923
455000 -3.6662440702 3.6150442480 -0.0511998222
456000 -3.6501741860 3.5989742253 -0.0511999607
457000 -3.6576642551 3.6064643280 -0.0511999271
458000 -3.5781819750 3.5269820518 -0.0511999232
459000 -3.3603328239 3.3091327730 -0.0512000509
460000 -3.4892249028 3.4380249459 -0.0511999570
461000 -3.5549043441 3.5037040180 -0.0512003261
462000 -3.5275907029 3.4763908134 -0.0511998895
463000 -3.6686270250 3.6174268639 -0.0512001611
464000 -3.5000338030 3.4488336578 -0.0512001452
465000 -3.4167566269 3.3655569400 -0.0511996869
466000 -3.6068451885 3.5556452340 -0.0511999545
467000 -3.6559405602 3.6047406240 -0.0511999362
468000 -3.7210422233 3.6698423086 -0.0511999147
469000 -3.6162067885 3.5650063413 -0.0512004472
470000 -3.5836412611 3.5324411066 -0.0512001545
471000 -3.5723445009 3.5211443611 -0.0512001398
472000 -3.6680069290 3.6168069894 -0.0511999396
473000 -3.6504481170 3.5992483016 -0.0511998155
474000 -3.5811422764 3.5299424115 -0.0511998648
475000 -3.7477717160 3.6965714988 -0.0512002172
476000 -3.7677336474 3.7165334853 -0.0512001620
477000 -3.6454535822 3.5942533415 -0.0512002407
478000 -3.6062758239 3.5550759250 -0.0511998989
479000 -3.7477123663 3.6965124643 -0.0511999020
480000 -3.6898161261 3.6386162525 -0.0511998736
481000 -3.8192550840 3.7680548962 -0.0512001877
482000 -3.5515136182 3.5003135258 -0.0512000924
483000 -3.6014412182 3.5502413449 -0.0511998732
484000 -3.8561220268 3.8049221524 -0.0511998744
485000 -3.8873233969 3.8361234624 -0.0511999345
486000 -3.8049625325 3.7537625785 -0.0511999540
487000 -3.9148081871 3.8636080866 -0.0512001005
488000 -3.9335793480 3.8823793467 -0.0512000013
489000 -3.9524331197 3.9012333538 -0.0511997659
490000 -4.0463506882 3.9951506339 -0.0512000543
491000 -4.0094494376 3.9582492404 -0.0512001971
492000 -4.0000457126 3.9488457742 -0.0511999384
493000 -3.8799701924 3.8287699999 -0.0512001925
494000 -3.9792766717 3.9280766580 -0.0512000137
495000 -3.9004474041 3.8492475212 -0.0511998829
496000 -3.8038773011 3.7526770181 -0.0512002830
497000 -4.0141222882 3.9629225094 -0.0511997788
498000 -3.9057757847 3.8545756163 -0.0512001684
499000 -4.0065783281 3.9553784168 -0.0511999114
500000 -3.9258805676 3.8746803585 -0.0512002090
501000 -4.0772479889 4.0260481555 -0.0511998333
502000 -3.9119098497 3.8607097851 -0.0512000646
503000 -3.9533933045 3.9021933740 -0.0511999304
504000 -3.7932957900 3.7420958111 -0.0511999789
505000 -3.7802070971 3.7290068020 -0.0512002952
506000 -3.9181771383 3.8669771993 -0.0511999390
507000 -3.8236046104 3.7724044131 -0.0512001973
508000 -3.6766592967 3.6254593043 -0.0511999924
509000 -3.7770729843 3.7258731128 -0.0511998715
510000 -3.7611053477 3.7099052948 -0.0512000528
511000 -3.7794645318 3.7282646523 -0.0511998796
512000 -3.7185438021 3.6673439889 -0.0511998132
513000 -3.7706298219 3.7194296348 -0.0512001870
514000 -3.8680272049 3.8168269963 -0.0512002086
515000 -3.8288662538 3.7776664265 -0.0511998273
516000 -3.8205604173 3.7693608538 -0.0511995635
517000 -3.9390940289 3.8878941987 -0.0511998301
518000 -3.9272359406 3.8760360330 -0.0511999076
519000 -3.8414084224 3.7902083842 -0.0512000382
520000 -3.9541273639 3.9029271804 -0.0512001836
521000 -3.7957770937 3.7445772762 -0.0511998175
522000 -3.7854829289 3.7342826826 -0.0512002463
523000 -3.8151250464 3.7639251922 -0.0511998542
524000 -3.6060068921 3.5548069968 -0.0511998953
525000 -3.7519396316 3.7007397567 -0.0511998749
526000 -3.7861076380 3.7349077781 -0.0511998599
527000 -3.7298330488 3.6786329917 -0.0512000571
528000 -3.8801931328 3.8289929237 -0.0512002091
529000 -3.7577237210 3.7065238562 -0.0511998648
530000 -3.7221904804 3.6709903561 -0.0512001243
531000 -3.7371052057 3.6859051869 -0.0512000187
532000 -3.8370944703 3.7858945632 -0.0511999071
533000 -3.7799654102 3.7287652749 -0.0512001353
534000 -3.9117969837 3.8605967679 -0.0512002158
535000 -3.9775316531 3.9263316412 -0.0512000119
536000 -3.8929331470 3.8417328508 -0.0512002962
537000 -3.8880590975 3.8368587520 -0.0512003456
538000 -3.7331588818 3.6819584051 -0.0512004767
539000 -3.6926545008 3.6414546263 -0.0511998746
540000 -3.7000160557 3.6488162112 -0.0511998444
541000 -3.8124802646 3.7612801872 -0.0512000774
542000 -3.8286371019 3.7774370270 -0.0512000748
543000 -3.7560729192 3.7048729552 -0.0511999640
544000 -3.8422119464 3.7910116680 -0.0512002784
545000 -3.7576188113 3.7064188800 -0.0511999313
546000 -3.6699254500 3.6187250392 -0.0512004108
547000 -3.7240543903 3.6728542767 -0.0512001136
548000 -3.7974715213 3.7462716084 -0.0511999129
549000 -3.7569033181 3.7057031934 -0.0512001247
550000 -3.7207947237 3.6695947984 -0.0511999254
551000 -3.7357780906 3.6845778713 -0.0512002193
552000 -3.6790999440 3.6279001352 -0.0511998088
553000 -3.6916671381 3.6404669390 -0.0512001991
554000 -3.7973452272 3.7461454951 -0.0511997321
555000 -3.7282988816 3.6770987003 -0.0512001813
556000 -3.6605556338 3.6093555074 -0.0512001265
557000 -3.8138906920 3.7626910883 -0.0511996037
558000 -4.0597514247 4.0085514924 -0.0511999323
559000 -3.9017370925 3.8505368208 -0.0512002717
560000 -3.8597106497 3.8085105627 -0.0512000871
561000 -3.9289596348 3.8777594382 -0.0512001966
562000 -3.8603836235 3.8091834585 -0.0512001650
563000 -3.9826463051 3.9314464783 -0.0511998268
564000 -3.6974819215 3.6462819960 -0.0511999256
565000 -3.9465220722 3.8953221371 -0.0511999351
566000 -3.8459297169 3.7947297409 -0.0511999760
567000 -3.9404052042 3.8892049318 -0.0512002724
568000 -4.0134294620 3.9622294821 -0.0511999799
569000 -3.8493758449 3.7981758481 -0.0511999967
570000 -3.7410716022 3.6898717444 -0.0511998578
571000 -3.7537426860 3.7025425254 -0.0512001606
572000 -3.8263179815 3.7751179876 -0.0511999939
573000 -3.7634787491 3.7122787321 -0.0512000170
574000 -3.7120101549 3.6608100665 -0.0512000884
575000 -3.7447207803 3.6935207278 -0.0512000526
576000 -3.9294992802 3.8782992077 -0.0512000725
577000 -3.7911628852 3.7399628863 -0.0511999989
578000 -3.7894064406 3.7382065815 -0.0511998591
579000 -3.5685121834 3.5173122410 -0.0511999424
580000 -3.6009131302 3.5497129290 -0.0512002012
581000 -3.4942327466 3.4430328251 -0.0511999215
582000 -3.5144428307 3.4632426770 -0.0512001538
583000 -3.6552536040 3.6040533942 -0.0512002098
584000 -3.7342380801 3.6830383610 -0.0511997191
585000 -3.4824675039 3.4312672015 -0.0512003024
586000 -3.4431863190 3.3919862263 -0.0512000928
587000 -3.6130635416 3.5618637102 -0.0511998314
588000 -3.6801910808 3.6289910578 -0.0512000230
589000 -3.5958201584 3.5446198927 -0.0512002657
590000 -3.7043039048 3.6531040913 -0.0511998136
591000 -3.5578659968 3.5066662089 -0.0511997879
592000 -3.6200226463 3.5688228814 -0.0511997649
593000 -3.5451842758 3.4939842443 -0.0512000316
594000 -3.6194176890 3.5682175160 -0.0512001730
595000 -3.6248731450 3.5736732078 -0.0511999373
596000 -3.6246643911 3.5734643125 -0.0512000786
597000 -3.6559319709 3.6047321607 -0.0511998101
598000 -3.7822251724 3.7310253178 -0.0511998546
599000 -3.8652366350 3.8140363659 -0.0512002691
600000 -3.8235515473 3.7723517104 -0.0511998369
