# step Q_left_e Q_right_e Q_total_e
1000 -3.0770608850 3.0258606323 -0.0512002527
2000 -3.1316509784 3.0804512487 -0.0511997297
3000 -3.3824645365 3.3312646722 -0.0511998642
4000 -3.3767139910 3.3255140361 -0.0511999548
5000 -3.4906845272 3.4394848181 -0.0511997091
6000 -3.5483605948 3.4971606703 -0.0511999244
7000 -3.6453014958 3.5941016728 -0.0511998230
8000 -3.6414129288 3.5902125480 -0.0512003808
9000 -3.6416145983 3.5904145699 -0.0512000284
10000 -3.8525950785 3.8013950663 -0.0512000122
11000 -3.9236151040 3.8724150319 -0.0512000721
12000 -3.9588028937 3.9076028701 -0.0512000237
13000 -4.0414104521 3.9902102139 -0.0512002382
14000 -3.9163498532 3.8651498005 -0.0512000528
15000 -3.9837821800 3.9325820751 -0.0512001049
16000 -3.9383634745 3.8871631725 -0.0512003020
17000 -4.0164151279 3.9652156607 -0.0511994671
18000 -4.0230725994 3.9718724728 -0.0512001267
19000 -4.0931093599 4.0419091208 -0.0512002392
20000 -4.1080448431 4.0568447733 -0.0512000698
21000 -4.2720539847 4.2208539342 -0.0512000505
22000 -4.2254044924 4.1742045891 -0.0511999033
23000 -4.1091946773 4.0579944645 -0.0512002127
24000 -4.2601786249 4.2089784985 -0.0512001265
25000 -4.1188634146 4.0676634677 -0.0511999470
26000 -4.2342342998 4.1830340745 -0.0512002253
27000 -4.1713783869 4.1201783370 -0.0512000499
28000 -4.2500675487 4.1988678330 -0.0511997157
29000 -4.2694017434 4.2182017051 -0.0512000383
30000 -4.3449219782 4.2937222045 -0.0511997737
31000 -4.3156611026 4.2644609340 -0.0512001687
32000 -4.2494273350 4.1982273913 -0.0511999438
33000 -4.3494196919 4.2982197746 -0.0511999173
34000 -4.2834908816 4.2322910234 -0.0511998583
35000 -4.2752427698 4.2240426903 -0.0512000795
36000 -4.2236228323 4.1724229169 -0.0511999154
37000 -4.2151285729 4.1639283228 -0.0512002501
38000 -4.3289429198 4.2777428233 -0.0512000966
39000 -4.3164555543 4.2652556174 -0.0511999369
40000 -4.4796750516 4.4284749953 -0.0512000563
41000 -4.5328216220 4.4816213997 -0.0512002223
42000 -4.2597381218 4.2085381905 -0.0511999312
43000 -4.5176175986 4.4664174578 -0.0512001408
44000 -4.3646482852 4.3134483751 -0.0511999101
45000 -4.4506293301 4.3994292405 -0.0512000896
46000 -4.5125527813 4.4613528356 -0.0511999457
47000 -4.3101426283 4.2589424402 -0.0512001881
48000 -4.4510599922 4.3998603382 -0.0511996540
49000 -4.4427601104 4.3915602228 -0.0511998876
50000 -4.4362987447 4.3850984873 -0.0512002574
51000 -4.5669880442 4.5157880191 -0.0512000251
52000 -4.4959360364 4.4447359872 -0.0512000492
53000 -4.5946125576 4.5434123697 -0.0512001878
54000 -4.6828166991 4.6316166890 -0.0512000101
55000 -4.7032976925 4.6520974698 -0.0512002227
56000 -4.6451304549 4.5939303850 -0.0512000700
57000 -4.6471023563 4.5959021499 -0.0512002064
58000 -4.7135287218 4.6623289424 -0.0511997794
59000 -4.7506576650 4.6994575203 -0.0512001447
60000 -4.7368877738 4.6856876260 -0.0512001478
61000 -4.6352681573 4.5840680334 -0.0512001239
62000 -4.7127944096 4.6615942494 -0.0512001602
63000 -4.7816263711 4.7304264223 -0.0511999488
64000 -4.8302178863 4.7790177861 -0.0512001002
65000 -4.7697229662 4.7185227908 -0.0512001754
66000 -4.7695098292 4.7183098813 -0.0511999478
67000 -4.8497563874 4.7985564159 -0.0511999715
68000 -4.6758675657 4.6246675573 -0.0512000083
69000 -4.7792366589 4.7280365493 -0.0512001097
70000 -4.7039939807 4.6527937898 -0.0512001909
71000 -4.6093700950 4.5581700249 -0.0512000701
72000 -4.5260628847 4.4748628129 -0.0512000718
73000 -4.7257458615 4.6745452433 -0.0512006183
74000 -4.7481647679 4.6969645916 -0.0512001762
75000 -4.8023947827 4.7511951121 -0.0511996706
76000 -4.7116891934 4.6604892528 -0.0511999405
77000 -4.8092603956 4.7580602306 -0.0512001649
78000 -4.8960074540 4.8448069429 -0.0512005111
79000 -4.8143830575 4.7631831159 -0.0511999416
80000 -4.9436780421 4.8924778967 -0.0512001454
81000 -4.9551054253 4.9039056118 -0.0511998135
82000 -4.9556737749 4.9044737633 -0.0512000117
83000 -4.8212303052 4.7700304704 -0.0511998347
84000 -5.0619311006 5.0107310933 -0.0512000073
85000 -5.0838453314 5.0326450536 -0.0512002779
86000 -5.0556387767 5.0044387990 -0.0511999777
87000 -5.0309867392 4.9797864516 -0.0512002876
88000 -4.9650794421 4.9138791504 -0.0512002917
89000 -5.0743809381 5.0231808127 -0.0512001254
90000 -5.0744805478 5.0232806888 -0.0511998590
91000 -5.0215221907 4.9703221378 -0.0512000529
92000 -4.9359214710 4.8847212889 -0.0512001821
93000 -4.8098744199 4.7586741688 -0.0512002511
94000 -4.9274214054 4.8762214909 -0.0511999145
95000 -4.8950507935 4.8438506752 -0.0512001183
96000 -4.7909486826 4.7397485866 -0.0512000960
97000 -4.9777809485 4.9265807946 -0.0512001539
98000 -4.9977634846 4.9465635824 -0.0511999022
99000 -4.9194945057 4.8682946013 -0.0511999044
100000 -4.7968662592 4.7456657565 -0.0512005027
101000 -4.7453123447 4.6941121613 -0.0512001834
102000 -4.8928180107 4.8416174396 -0.0512005711
103000 -5.0264921102 4.9752919750 -0.0512001352
104000 -4.8951045711 4.8439044232 -0.0512001480
105000 -5.0900477978 5.0388473764 -0.0512004214
106000 -4.9797234790 4.9285231910 -0.0512002881
107000 -5.0243548879 4.9731547955 -0.0512000924
108000 -5.0838232011 5.0326232074 -0.0511999937
109000 -5.0055958787 4.9543955486 -0.0512003301
110000 -5.0132458547 4.9620458951 -0.0511999597
111000 -4.9645670476 4.9133671934 -0.0511998542
112000 -4.9142405450 4.8630409031 -0.0511996419
113000 -4.9423791719 4.8911787599 -0.0512004120
114000 -4.8440532255 4.7928531120 -0.0512001135
115000 -5.0424405733 4.9912405631 -0.0512000102
116000 -5.1311845516 5.0799849223 -0.0511996293
117000 -5.1190391581 5.0678390140 -0.0512001441
118000 -4.9154490111 4.8642486049 -0.0512004062
119000 -5.0588377495 5.0076376869 -0.0512000626
120000 -5.1611486112 5.1099479224 -0.0512006888
121000 -5.1069375828 5.0557378848 -0.0511996980
122000 -5.1253880269 5.0741878969 -0.0512001301
123000 -5.0683042817 5.0171044778 -0.0511998038
124000 -5.0368633878 4.9856630992 -0.0512002886
125000 -5.0133888300 4.9621885764 -0.0512002536
126000 -5.0356954307 4.9844954656 -0.0511999651
127000 -5.1129392854 5.0617389494 -0.0512003360
128000 -5.1252075947 5.0740071257 -0.0512004690
129000 -5.2729380680 5.2217373573 -0.0512007107
130000 -5.1176416556 5.0664418858 -0.0511997698
131000 -5.2573236260 5.2061236497 -0.0511999763
132000 -5.2206560936 5.1694560419 -0.0512000517
133000 -5.1272864275 5.0760862430 -0.0512001845
134000 -5.1795523829 5.1283523755 -0.0512000074
135000 -5.2699546106 5.2187546011 -0.0512000095
136000 -5.2898768314 5.2386770450 -0.0511997864
137000 -5.2532484082 5.2020481392 -0.0512002690
138000 -5.1641629393 5.1129627203 -0.0512002190
139000 -5.0235070382 4.9723068775 -0.0512001608
140000 -5.1374900149 5.0862900888 -0.0511999261
141000 -5.0321241085 4.9809242620 -0.0511998466
142000 -5.0600915661 5.0088924094 -0.0511991567
143000 -5.0257158459 4.9745163473 -0.0511994986
144000 -5.0450653138 4.9938647603 -0.0512005535
145000 -5.1240400667 5.0728407291 -0.0511993377
146000 -5.0379125193 4.9867123996 -0.0512001197
147000 -5.0993665291 5.0481660403 -0.0512004888
148000 -5.1888218846 5.1376217810 -0.0512001036
149000 -5.2159355102 5.1647347953 -0.0512007149
150000 -5.1780113557 5.1268111307 -0.0512002250
151000 -5.2342612441 5.1830610476 -0.0512001965
152000 -5.1707799072 5.1195796877 -0.0512002195
153000 -5.1182126906 5.0670126770 -0.0512000136
154000 -5.3066412073 5.2554407418 -0.0512004655
155000 -5.2426202777 5.1914203009 -0.0511999768
156000 -5.1276038736 5.0764037967 -0.0512000769
157000 -5.1570582599 5.1058582943 -0.0511999656
158000 -5.1236451250 5.0724448849 -0.0512002401
159000 -5.0407868921 4.9895864305 -0.0512004616
160000 -5.1044624911 5.0532624532 -0.0512000379
161000 -5.2088752093 5.1576753709 -0.0511998384
162000 -5.1113350326 5.0601351400 -0.0511998927
163000 -5.1039172912 5.0527170713 -0.0512002199
164000 -5.2146733394 5.1634735707 -0.0511997687
165000 -5.2758478752 5.2246479718 -0.0511999034
166000 -5.1492018953 5.0980017736 -0.0512001218
167000 -5.2694383223 5.2182384494 -0.0511998729
168000 -5.2196337120 5.1684335528 -0.0512001591
169000 -5.2803803624 5.2291805189 -0.0511998435
170000 -5.3315431635 5.2803429387 -0.0512002247
171000 -5.2483511302 5.1971511480 -0.0511999822
172000 -5.2917286452 5.2405281749 -0.0512004703
173000 -5.2592478715 5.2080483978 -0.0511994737
174000 -5.3576169981 5.3064173303 -0.0511996679
175000 -5.3227446553 5.2715443008 -0.0512003545
176000 -5.3918266768 5.3406265752 -0.0512001016
177000 -5.2563147375 5.2051145093 -0.0512002281
178000 -5.3657472279 5.3145477051 -0.0511995228
179000 -5.3323699380 5.2811701121 -0.0511998259
180000 -5.1269362951 5.0757361335 -0.0512001616
181000 -5.1994276755 5.1482275638 -0.0512001116
182000 -5.2766489180 5.2254490204 -0.0511998976
183000 -5.2672930774 5.2160929856 -0.0512000918
184000 -5.2946562861 5.2434564506 -0.0511998356
185000 -5.1792494138 5.1280496079 -0.0511998059
186000 -5.2676860769 5.2164855972 -0.0512004797
187000 -5.3908971465 5.3396972006 -0.0511999460
188000 -5.3365522966 5.2853530552 -0.0511992415
189000 -5.3038939838 5.2526942688 -0.0511997150
190000 -5.3979978729 5.3467975252 -0.0512003477
191000 -5.2534566905 5.2022566645 -0.0512000260
192000 -5.3885842682 5.3373840086 -0.0512002597
193000 -5.3094732271 5.2582731782 -0.0512000488
194000 -5.4018532359 5.3506531324 -0.0512001035
195000 -5.4203971070 5.3691972167 -0.0511998903
196000 -5.4032714116 5.3520713269 -0.0512000847
197000 -5.3274595719 5.2762593732 -0.0512001987
198000 -5.5155691959 5.4643690810 -0.0512001149
199000 -5.3506352272 5.2994351017 -0.0512001255
200000 -5.2207887897 5.1695888033 -0.0511999863
201000 -5.4030535099 5.3518533866 -0.0512001233
202000 -5.4964969100 5.4452961659 -0.0512007441
203000 -5.5472431710 5.4960436986 -0.0511994724
204000 -5.4645025617 5.4133025795 -0.0511999822
205000 -5.4032366688 5.3520365446 -0.0512001242
206000 -5.4017535307 5.3505533359 -0.0512001949
207000 -5.3524774830 5.3012775051 -0.0511999779
208000 -5.3812473736 5.3300471725 -0.0512002012
209000 -5.4570136209 5.4058138325 -0.0511997883
210000 -5.5068361441 5.4556361712 -0.0511999730
211000 -5.5355756624 5.4843759104 -0.0511997521
212000 -5.5127336295 5.4615331054 -0.0512005241
213000 -5.5022133662 5.4510133085 -0.0512000577
214000 -5.6032559791 5.5520560624 -0.0511999167
215000 -5.5286146635 5.4774146311 -0.0512000325
216000 -5.6214667966 5.5702666708 -0.0512001258
217000 -5.7984991563 5.7472995244 -0.0511996319
218000 -5.6160409674 5.5648411255 -0.0511998419
219000 -5.4674412305 5.4162415564 -0.0511996741
220000 -5.5432870145 5.4920870457 -0.0511999688
221000 -5.4550812683 5.4038812702 -0.0511999981
222000 -5.4531586166 5.4019585926 -0.0512000240
223000 -5.5285378553 5.4773376582 -0.0512001972
224000 -5.4937173257 5.4425167093 -0.0512006163
225000 -5.4844442616 5.4332441498 -0.0512001118
226000 -5.4579426407 5.4067428622 -0.0511997785
227000 -5.4154344344 5.3642342503 -0.0512001842
228000 -5.6163048716 5.5651049658 -0.0511999058
229000 -5.6331526702 5.5819529959 -0.0511996744
230000 -5.6058339672 5.5546342579 -0.0511997093
231000 -5.5069811983 5.4557810078 -0.0512001906
232000 -5.5384719317 5.4872717578 -0.0512001739
233000 -5.4810447943 5.4298445773 -0.0512002170
234000 -5.5436258321 5.4924256806 -0.0512001514
235000 -5.4580047375 5.4068043609 -0.0512003766
236000 -5.4433683197 5.3921682987 -0.0512000210
237000 -5.4350564448 5.3838568248 -0.0511996200
238000 -5.4453769913 5.3941771986 -0.0511997927
239000 -5.4449585100 5.3937588858 -0.0511996242
240000 -5.3897931910 5.3385933817 -0.0511998093
241000 -5.5639156946 5.5127156817 -0.0512000129
242000 -5.6382891586 5.5870890717 -0.0512000868
243000 -5.5249094331 5.4737093901 -0.0512000429
244000 -5.6381078456 5.5869076403 -0.0512002052
245000 -5.7507887960 5.6995889754 -0.0511998206
246000 -5.5828916285 5.5316915147 -0.0512001138
247000 -5.5917609371 5.5405606518 -0.0512002853
248000 -5.4975854014 5.4463853447 -0.0512000567
249000 -5.6683855890 5.6171855262 -0.0512000629
250000 -5.5791435420 5.5279436999 -0.0511998421
251000 -5.6035728273 5.5523729180 -0.0511999093
252000 -5.6360686473 5.5848688076 -0.0511998397
253000 -5.8060215239 5.7548211397 -0.0512003842
254000 -5.6418821309 5.5906819298 -0.0512002010
255000 -5.5759640397 5.5247636148 -0.0512004249
256000 -5.5391968396 5.4879968163 -0.0512000233
257000 -5.5097758564 5.4585759211 -0.0511999353
258000 -5.5768202802 5.5256205699 -0.0511997102
259000 -5.5332701646 5.4820701694 -0.0511999952
260000 -5.6303844505 5.5791846509 -0.0511997996
261000 -5.5481151915 5.4969153792 -0.0511998123
262000 -5.6084283330 5.5572282649 -0.0512000681
263000 -5.5286454149 5.4774457056 -0.0511997094
264000 -5.5220636143 5.4708635383 -0.0512000760
265000 -5.4161361355 5.3649359781 -0.0512001574
266000 -5.5947438088 5.5435435951 -0.0512002137
267000 -5.4968600392 5.4456600165 -0.0512000227
268000 -5.6461853369 5.5949854273 -0.0511999095
269000 -5.5102845826 5.4590844074 -0.0512001752
270000 -5.5338415462 5.4826415749 -0.0511999712
271000 -5.5444750866 5.4932749509 -0.0512001357
272000 -5.6184224458 5.5672224999 -0.0511999460
273000 -5.4670213687 5.4158219364 -0.0511994322
274000 -5.5928625994 5.5416626746 -0.0511999248
275000 -5.6227448490 5.5715449352 -0.0511999137
276000 -5.6372548460 5.5860557877 -0.0511990583
277000 -5.6316031110 5.5804036472 -0.0511994639
278000 -5.4833351220 5.4321348991 -0.0512002229
279000 -5.5150811764 5.4638810059 -0.0512001705
280000 -5.4473069592 5.3961068789 -0.0512000803
281000 -5.4757579532 5.4245578618 -0.0512000915
282000 -5.4818360220 5.4306355517 -0.0512004703
283000 -5.5497144235 5.4985144257 -0.0511999978
284000 -5.5452835099 5.4940832916 -0.0512002183
285000 -5.6647528494 5.6135527433 -0.0512001060
286000 -5.6228912859 5.5716913270 -0.0511999589
287000 -5.5425738336 5.4913735515 -0.0512002821
288000 -5.3557913557 5.3045913294 -0.0512000263
289000 -5.4747464003 5.4235466376 -0.0511997626
290000 -5.4990517629 5.4478517420 -0.0512000208
291000 -5.5598931406 5.5086933428 -0.0511997978
292000 -5.4044979396 5.3532974678 -0.0512004718
293000 -5.5180280842 5.4668282918 -0.0511997924
294000 -5.4483350318 5.3971351072 -0.0511999246
295000 -5.5753606713 5.5241602908 -0.0512003804
296000 -5.4096954580 5.3584957202 -0.0511997378
297000 -5.2665104021 5.2153103056 -0.0512000966
298000 -5.3817996203 5.3305989585 -0.0512006618
299000 -5.4494418157 5.3982418700 -0.0511999457
300000 -5.3412033389 5.2900030094 -0.0512003296
301000 -5.3708927643 5.3196925372 -0.0512002271
302000 -5.5338767968 5.4826769753 -0.0511998215
303000 -5.4611415326 5.4099416600 -0.0511998726
304000 -5.5271056960 5.4759056848 -0.0512000113
305000 -5.6065508880 5.5553511052 -0.0511997829
306000 -5.5886654024 5.5374651587 -0.0512002436
307000 -5.6773930939 5.6261932073 -0.0511998866
308000 -5.6085074341 5.5573072620 -0.0512001722
309000 -5.6214563351 5.5702564484 -0.0511998867
310000 -5.7550794636 5.7038788125 -0.0512006511
311000 -5.6815173076 5.6303178016 -0.0511995060
312000 -5.6483080647 5.5971079168 -0.0512001478
313000 -5.6776517639 5.6264514890 -0.0512002748
314000 -5.5424537020 5.4912534603 -0.0512002417
315000 -5.6500848043 5.5988844030 -0.0512004013
316000 -5.7566412180 5.7054412814 -0.0511999365
317000 -5.5841578364 5.5329571541 -0.0512006823
318000 -5.7146455295 5.6634453145 -0.0512002150
319000 -5.7441993990 5.6929991363 -0.0512002628
320000 -5.7476635820 5.6964637010 -0.0511998810
321000 -5.6427427495 5.5915426011 -0.0512001484
322000 -5.5510226821 5.4998228139 -0.0511998682
323000 -5.4687862848 5.4175865292 -0.0511997556
324000 -5.5488525978 5.4976527959 -0.0511998020
325000 -5.4273598075 5.3761597289 -0.0512000787
326000 -5.4995810465 5.4483808159 -0.0512002306
327000 -5.5256881912 5.4744879599 -0.0512002313
328000 -5.4964780457 5.4452780578 -0.0511999879
329000 -5.5599993082 5.5087988065 -0.0512005017
330000 -5.4197472108 5.3685476485 -0.0511995623
331000 -5.4947487065 5.4435486948 -0.0512000116
332000 -5.5204728877 5.4692725840 -0.0512003037
333000 -5.5255846549 5.4743844744 -0.0512001805
334000 -5.3290686394 5.2778684795 -0.0512001599
335000 -5.6477548736 5.5965548828 -0.0511999908
336000 -5.4937727733 5.4425727860 -0.0511999873
337000 -5.5227895457 5.4715896922 -0.0511998535
338000 -5.4004203262 5.3492202794 -0.0512000469
339000 -5.4143846279 5.3631846153 -0.0512000127
340000 -5.4989130140 5.4477133499 -0.0511996640
341000 -5.4721362797 5.4209362594 -0.0512000202
342000 -5.4902645344 5.4390649089 -0.0511996255
343000 -5.5700998702 5.5188998696 -0.0512000006
344000 -5.4701789140 5.4189790273 -0.0511998867
345000 -5.4992487090 5.4480486240 -0.0512000850
346000 -5.4238367132 5.3726369622 -0.0511997510
347000 -5.4183889915 5.3671889966 -0.0511999949
348000 -5.4577254490 5.4065254796 -0.0511999694
349000 -5.4262360475 5.3750359545 -0.0512000930
350000 -5.5572399425 5.5060398916 -0.0512000509
351000 -5.4239273594 5.3727273021 -0.0512000573
352000 -5.6320556055 5.5808551931 -0.0512004124
353000 -5.6496557039 5.5984555801 -0.0512001239
354000 -5.5926240933 5.5414243343 -0.0511997590
355000 -5.5605068580 5.5093075053 -0.0511993527
356000 -5.4982736796 5.4470737858 -0.0511998938
357000 -5.6408707822 5.5896705682 -0.0512002140
358000 -5.6916606567 5.6404606698 -0.0511999869
359000 -5.6418142927 5.5906145100 -0.0511997827
360000 -5.6872572915 5.6360578592 -0.0511994323
361000 -5.6644334015 5.6132336577 -0.0511997439
362000 -5.5481813203 5.4969813630 -0.0511999573
363000 -5.5869017751 5.5357019382 -0.0511998369
364000 -5.7354167209 5.6842168090 -0.0511999119
365000 -5.7131982363 5.6619980794 -0.0512001569
366000 -5.5743284565 5.5231286953 -0.0511997612
367000 -5.6433213591 5.5921207794 -0.0512005796
368000 -5.5777818407 5.5265818248 -0.0512000159
369000 -5.6548267789 5.6036265997 -0.0512001793
370000 -5.6487519797 5.5975520557 -0.0511999240
371000 -5.7015565470 5.6503565153 -0.0512000317
372000 -5.7186344827 5.6674338470 -0.0512006357
373000 -5.7259291837 5.6747291887 -0.0511999950
374000 -5.6952647131 5.6440646534 -0.0512000597
375000 -5.7173080208 5.6661081560 -0.0511998648
376000 -5.7168901801 5.6656899657 -0.0512002144
377000 -5.6439881605 5.5927881547 -0.0512000058
378000 -5.6095429939 5.5583428679 -0.0512001260
379000 -5.5857770710 5.5345771459 -0.0511999251
380000 -5.5649690758 5.5137689923 -0.0512000836
381000 -5.5306227362 5.4794227373 -0.0511999989
382000 -5.6154765461 5.5642768309 -0.0511997152
383000 -5.7100767733 5.6588767569 -0.0512000164
384000 -5.6179684172 5.5667683323 -0.0512000850
385000 -5.6290490413 5.5778489463 -0.0512000950
386000 -5.6086057641 5.5574060747 -0.0511996894
387000 -5.5764907673 5.5252906242 -0.0512001431
388000 -5.7078447053 5.6566445474 -0.0512001580
389000 -5.6446962619 5.5934962898 -0.0511999720
390000 -5.6181168863 5.5669169605 -0.0511999258
391000 -5.5409268333 5.4897271066 -0.0511997266
392000 -5.6052347821 5.5540344696 -0.0512003124
393000 -5.5674622752 5.5162624656 -0.0511998095
394000 -5.5591130443 5.5079130720 -0.0511999723
395000 -5.6589721547 5.6077721891 -0.0511999656
396000 -5.6805287225 5.6293287296 -0.0511999929
397000 -5.5463980776 5.4951978438 -0.0512002339
398000 -5.5407847146 5.4895847670 -0.0511999476
399000 -5.6904749587 5.6392750365 -0.0511999222
400000 -5.4912966064 5.4400964407 -0.0512001656
401000 -5.6687230850 5.6175232525 -0.0511998325
402000 -5.5417458296 5.4905457820 -0.0512000476
403000 -5.5658448754 5.5146448954 -0.0511999800
404000 -5.5843548422 5.5331547902 -0.0512000520
405000 -5.6573106775 5.6061104375 -0.0512002399
406000 -5.4539954251 5.4027956087 -0.0511998164
407000 -5.5420628431 5.4908629848 -0.0511998583
408000 -5.5816405023 5.5304403902 -0.0512001121
409000 -5.7187962246 5.6675962301 -0.0511999945
410000 -5.7212526287 5.6700522993 -0.0512003294
411000 -5.6557201245 5.6045196613 -0.0512004632
412000 -5.6550681458 5.6038680150 -0.0512001308
413000 -5.5223902892 5.4711909160 -0.0511993732
414000 -5.6168332387 5.5656333144 -0.0511999243
415000 -5.5380903232 5.4868901275 -0.0512001957
416000 -5.5050114961 5.4538116244 -0.0511998717
417000 -5.5066346999 5.4554346902 -0.0512000096
418000 -5.5260612799 5.4748611692 -0.0512001107
419000 -5.5766036629 5.5254037087 -0.0511999542
420000 -5.6403766132 5.5891761505 -0.0512004627
421000 -5.6835867462 5.6323863448 -0.0512004014
422000 -5.6392708664 5.5880711456 -0.0511997208
423000 -5.5116610345 5.4604611731 -0.0511998615
424000 -5.5828733691 5.5316736641 -0.0511997050
425000 -5.6486061093 5.5974062409 -0.0511998684
426000 -5.5775933737 5.5263933055 -0.0512000682
427000 -5.5727249866 5.5215249974 -0.0511999892
428000 -5.5795520871 5.5283518079 -0.0512002792
429000 -5.6690788394 5.6178790013 -0.0511998381
430000 -5.5324967927 5.4812971109 -0.0511996818
431000 -5.5850536037 5.5338535463 -0.0512000575
432000 -5.7797908033 5.7285908400 -0.0511999633
433000 -5.6466828121 5.5954821726 -0.0512006396
434000 -5.7419637835 5.6907634189 -0.0512003646
435000 -5.7071769550 5.6559771157 -0.0511998392
436000 -5.5608958883 5.5096960020 -0.0511998862
437000 -5.6488791708 5.5976790906 -0.0512000802
438000 -5.7593049065 5.7081049550 -0.0511999514
439000 -5.6750245766 5.6238246226 -0.0511999540
440000 -5.6998339684 5.6486337209 -0.0512002475
441000 -5.6853764404 5.6341762848 -0.0512001556
442000 -5.5405937388 5.4893939417 -0.0511997971
443000 -5.6096378978 5.5584376527 -0.0512002452
444000 -5.6926858424 5.6414857764 -0.0512000660
445000 -5.7501325619 5.6989325257 -0.0512000362
446000 -5.6662825260 5.6150820230 -0.0512005030
447000 -5.7542489844 5.7030491441 -0.0511998403
448000 -5.7617008907 5.7105003027 -0.0512005880
449000 -5.7590455222 5.7078453825 -0.0512001397
450000 -5.6784335489 5.6272329992 -0.0512005496
451000 -5.7160121049 5.6648120271 -0.0512000778
452000 -5.5089619480 5.4577620956 -0.0511998524
453000 -5.4605985241 5.4093982548 -0.0512002693
454000 -5.6778690106 5.6266690188 -0.0511999918
455000 -5.5757438564 5.5245438670 -0.0511999894
456000 -5.6707137267 5.6195139355 -0.0511997911
457000 -5.8176449814 5.7664449327 -0.0512000488
458000 -5.6275730168 5.5763729172 -0.0512000996
459000 -5.4453078386 5.3941078050 -0.0512000336
460000 -5.5429836788 5.4917836491 -0.0512000297
461000 -5.4725106519 5.4213104326 -0.0512002193
462000 -5.5871127079 5.5359126548 -0.0512000531
463000 -5.5897709767 5.5385710173 -0.0511999594
464000 -5.5227466453 5.4715465467 -0.0512000986
465000 -5.5421293674 5.4909295985 -0.0511997689
466000 -5.4248194195 5.3736193719 -0.0512000476
467000 -5.5027575281 5.4515573941 -0.0512001340
468000 -5.4284008582 5.3772001284 -0.0512007298
469000 -5.4555476517 5.4043474577 -0.0512001941
470000 -5.4975340934 5.4463342163 -0.0511998772
471000 -5.5934462378 5.5422464516 -0.0511997862
472000 -5.4593953181 5.4081954959 -0.0511998222
473000 -5.4280190879 5.3768190246 -0.0512000633
474000 -5.5407106091 5.4895104724 -0.0512001367
475000 -5.5387526093 5.4875527653 -0.0511998440
476000 -5.4256548232 5.3744548735 -0.0511999497
477000 -5.4291882482 5.3779883985 -0.0511998497
478000 -5.4241143584 5.3729149012 -0.0511994571
479000 -5.5054595708 5.4542597113 -0.0511998595
480000 -5.5020809236 5.4508807217 -0.0512002020
481000 -5.5586892292 5.5074893835 -0.0511998457
482000 -5.6319816739 5.5807818698 -0.0511998041
483000 -5.6218304647 5.5706303333 -0.0512001314
484000 -5.7320812410 5.6808811736 -0.0512000674
485000 -5.7164241908 5.6652247554 -0.0511994354
486000 -5.6799992381 5.6287989797 -0.0512002584
487000 -5.6790611260 5.6278612090 -0.0511999170
488000 -5.7101490207 5.6589488545 -0.0512001661
489000 -5.7473785691 5.6961786950 -0.0511998741
490000 -5.6575599795 5.6063599534 -0.0512000261
491000 -5.7306926280 5.6794925382 -0.0512000897
492000 -5.6947012802 5.6435019923 -0.0511992879
493000 -5.6841546982 5.6329540790 -0.0512006192
494000 -5.7162678442 5.6650679808 -0.0511998634
495000 -5.7364378300 5.6852374634 -0.0512003666
496000 -5.7346217360 5.6834216514 -0.0512000846
497000 -5.7013521953 5.6501521484 -0.0512000469
498000 -5.7006987981 5.6494989274 -0.0511998706
499000 -5.5513240974 5.5001240685 -0.0512000290
500000 -5.6929668529 5.6417666995 -0.0512001534
501000 -5.6012582011 5.5500587062 -0.0511994949
502000 -5.7124429918 5.6612426606 -0.0512003312
503000 -5.5417514492 5.4905518483 -0.0511996009
504000 -5.6567291492 5.6055294935 -0.0511996556
505000 -5.4988254344 5.4476251770 -0.0512002574
506000 -5.4756898228 5.4244897458 -0.0512000771
507000 -5.6365896097 5.5853895491 -0.0512000606
508000 -5.5955020846 5.5443015130 -0.0512005716
509000 -5.5328621482 5.4816620864 -0.0512000618
510000 -5.6633273724 5.6121273760 -0.0511999964
511000 -5.6528784032 5.6016781838 -0.0512002194
512000 -5.5022340227 5.4510340140 -0.0512000087
513000 -5.4738756316 5.4226753053 -0.0512003263
514000 -5.6457329891 5.5945336190 -0.0511993701
515000 -5.7180168843 5.6668165956 -0.0512002887
516000 -5.5899148268 5.5387155975 -0.0511992293
517000 -5.6403702283 5.5891701458 -0.0512000825
518000 -5.7499153144 5.6987148166 -0.0512004978
519000 -5.6999203572 5.6487204314 -0.0511999258
520000 -5.6001481111 5.5489481330 -0.0511999781
521000 -5.7028450044 5.6516449016 -0.0512001028
522000 -5.6089332287 5.5577331964 -0.0512000322
523000 -5.5331772278 5.4819768303 -0.0512003975
524000 -5.6427693208 5.5915692217 -0.0512000991
525000 -5.6064797497 5.5552795972 -0.0512001525
526000 -5.4933346910 5.4421349774 -0.0511997136
527000 -5.4701167406 5.4189167616 -0.0511999790
528000 -5.5798529568 5.5286529307 -0.0512000261
529000 -5.6155244679 5.5643243024 -0.0512001655
530000 -5.5695628525 5.5183623525 -0.0512005000
531000 -5.7364741494 5.6852742325 -0.0511999169
532000 -5.7073693244 5.6561696535 -0.0511996709
533000 -5.6645282351 5.6133287798 -0.0511994553
534000 -5.7036399986 5.6524399254 -0.0512000732
535000 -5.6294273384 5.5782275205 -0.0511998179
536000 -5.6180745879 5.5668740388 -0.0512005491
537000 -5.6122374476 5.5610374424 -0.0512000052
538000 -5.6471353447 5.5959357310 -0.0511996137
539000 -5.6208513795 5.5696519143 -0.0511994652
540000 -5.5665368395 5.5153366522 -0.0512001873
541000 -5.6879624575 5.6367630200 -0.0511994376
542000 -5.5758744600 5.5246744733 -0.0511999867
543000 -5.6869184184 5.6357180477 -0.0512003707
544000 -5.6827117426 5.6315118547 -0.0511998879
545000 -5.7531468644 5.7019469342 -0.0511999301
546000 -5.5655527292 5.5143526988 -0.0512000304
547000 -5.6967237242 5.6455238773 -0.0511998469
548000 -5.6989904204 5.6477903642 -0.0512000562
549000 -5.8994337828 5.8482338900 -0.0511998928
550000 -5.7520573463 5.7008574456 -0.0511999007
551000 -5.7134740483 5.6622745350 -0.0511995133
552000 -5.6471069383 5.5959069086 -0.0512000297
553000 -5.7302519968 5.6790520356 -0.0511999612
554000 -5.6349762441 5.5837757632 -0.0512004809
555000 -5.7559554519 5.7047551246 -0.0512003272
556000 -5.5888072257 5.5376072284 -0.0511999973
557000 -5.7722875734 5.7210871738 -0.0512003996
558000 -5.7199531409 5.6687529578 -0.0512001831
559000 -5.7040887619 5.6528888835 -0.0511998784
560000 -5.7488608044 5.6976603949 -0.0512004094
561000 -5.8187119903 5.7675119704 -0.0512000199
562000 -5.8241475140 5.7729471365 -0.0512003774
563000 -5.6483380503 5.5971378549 -0.0512001954
564000 -5.7398483143 5.6886477828 -0.0512005315
565000 -5.7871198631 5.7359200513 -0.0511998117
566000 -5.6183841641 5.5671846842 -0.0511994798
567000 -5.4931390262 5.4419391798 -0.0511998464
568000 -5.4037703625 5.3525701945 -0.0512001680
569000 -5.5686685246 5.5174686763 -0.0511998483
570000 -5.5344012149 5.4832010982 -0.0512001168
571000 -5.6159770915 5.5647770956 -0.0511999959
572000 -5.5846755048 5.5334749799 -0.0512005249
573000 -5.6828470546 5.6316470591 -0.0511999954
574000 -5.5962576605 5.5450575936 -0.0512000669
575000 -5.7051713051 5.6539712490 -0.0512000561
576000 -5.7570914946 5.7058914336 -0.0512000610
577000 -5.7431655251 5.6919656319 -0.0511998932
578000 -5.8326041878 5.7814041730 -0.0512000148
579000 -5.7751547964 5.7239549565 -0.0511998399
580000 -5.6850412956 5.6338414229 -0.0511998727
581000 -5.8482958497 5.7970956599 -0.0512001899
582000 -5.8281346019 5.7769345564 -0.0512000455
583000 -5.6605345896 5.6093338430 -0.0512007466
584000 -5.7835698066 5.7323698630 -0.0511999436
585000 -5.7603549433 5.7091550096 -0.0511999337
586000 -5.8674030565 5.8162030273 -0.0512000292
587000 -5.7387480506 5.6875481007 -0.0511999499
588000 -5.7713455884 5.7201455322 -0.0512000562
589000 -5.7124128377 5.6612126660 -0.0512001717
590000 -5.7595959485 5.7083959875 -0.0511999610
591000 -5.7480978828 5.6968977143 -0.0512001686
592000 -5.6658360129 5.6146359239 -0.0512000890
593000 -5.5956761204 5.5444762189 -0.0511999015
594000 -5.5252084830 5.4740084878 -0.0511999952
595000 -5.5549351956 5.5037352891 -0.0511999065
596000 -5.5829739911 5.5317740673 -0.0511999237
597000 -5.5741750249 5.5229748780 -0.0512001469
598000 -5.7329630242 5.6817629008 -0.0512001234
599000 -5.5911032786 5.5399037355 -0.0511995431
600000 -5.6866742845 5.6354743259 -0.0511999587
